1 4 25
1 0 33
0 2 30
2 10 35
10 13 28
1 6 18
0 6 17
0 9 25
6 9 21
2 9 20
5 6 20
4 5 20
4 7 31
5 7 15
4 16 40
16 7 25
7 8 35
5 8 30
6 8 25
9 8 16
9 3 31
2 3 15
2 12 27
10 12 22
3 12 23
12 15 30
15 13 28
13 20 40
15 20 25
14 15 36
12 14 22
3 14 15
8 3 15
3 21 20
8 21 38
8 32 32
7 32 30
21 14 16
14 19 23
14 20 35
21 19 30
19 20 30
7 17 20
17 32 15
16 17 30
32 21 26
17 23 25
16 22 35
16 27 50
17 22 28
22 28 30
17 28 38
32 23 30
18 23 30
18 29 40
21 18 20
32 18 15
21 24 45
18 24 30
19 24 35
20 26 30
19 26 40
19 25 25
24 25 25
29 24 15
23 29 32
23 28 18
22 27 35
27 28 43
28 29 42
29 30 35
25 30 30
25 26 30
26 31 20
26 38 55
25 37 50
30 37 30
30 36 33
29 36 37
35 29 30
28 35 25
28 34 30
27 34 25
27 42 26
42 34 20
34 35 33
35 36 43
36 37 28
31 37 35
31 38 40
37 38 25
41 35 30
34 41 25
42 43 34
34 43 37
35 40 35
40 36 30
36 39 25
39 37 30
37 33 35
33 38 25
38 49 45
39 33 25
40 39 40
41 40 27
41 45 23
41 43 14
44 42 24
42 47 36
44 47 26
47 43 15
43 45 30
45 40 20
40 46 28
39 46 20
46 33 30
33 49 20
46 49 35
45 46 30
47 11 33
43 11 35
11 45 21
45 48 33
48 46 15
48 49 32
11 48 44
